/*--------------------------------*- C++ -*----------------------------------*\
| =========                 |                                                 |
| \\      /  F ield         | OpenFOAM: The Open Source CFD Toolbox           |
|  \\    /   O peration     | Version:  2412                                  |
|   \\  /    A nd           | Website:  www.openfoam.com                      |
|    \\/     M anipulation  |                                                 |
\*---------------------------------------------------------------------------*/
FoamFile
{
    version     2.0;
    format      binary;
    arch        "LSB;label=32;scalar=64";
    class       pointSet;
    location    "constant/fluid/polyMesh/sets";
    object      nonManifoldPoints;
}
// * * * * * * * * * * * * * * * * * * * * * * * * * * * * * * * * * * * * * //


7807
(
147458
147461
147474
81938
98323
98324
98325
98326
98332
81949
98333
98334
98335
98336
98337
98338
81957
131112
131114
98347
98349
32814
98350
98351
98352
49203
81972
81974
49206
81975
49208
147513
81977
49212
147519
81983
81986
147523
81988
32839
131143
147528
131145
32842
131146
81994
32843
131147
81995
81996
81998
81999
32864
147552
32865
131171
32868
147556
131173
131174
131175
49257
131177
49258
131178
49261
49262
147567
49265
147571
49268
147576
32900
131209
147600
147604
147609
32921
147615
147619
82083
82084
82085
82086
82087
147624
131240
82093
82094
82096
82097
82098
82104
82105
82107
82108
82109
131264
131265
82115
98499
131267
82116
98500
131268
98501
82118
98502
82119
98503
82120
98504
147657
98505
98506
147660
82126
98513
98514
98515
82134
98519
98520
98521
147674
98522
147675
147676
147677
98527
32992
98528
114913
98529
98530
114918
114928
114930
33011
114942
114956
33037
33040
33041
33042
114980
33061
33062
33063
114985
33066
114994
114995
114996
98622
98623
115008
98624
98625
33091
33092
33094
33095
33096
115023
33117
98654
33119
98655
33120
98656
82285
82296
33145
82304
147850
147851
147852
147853
147854
82319
147855
82320
33169
82321
82322
33171
82324
33173
82330
147866
82331
147867
82332
82333
147871
147874
147879
115117
115119
147887
33206
115129
115131
131528
33227
131533
131534
131535
131536
115153
131537
98776
98778
131555
115174
131559
115176
131564
131565
131566
131567
131568
115185
131569
131570
115187
115199
131588
131591
131592
131593
115210
131594
131596
131598
33295
33297
33298
33299
131603
82451
82452
82455
82456
33316
33318
33319
131630
131632
82481
131634
33342
33343
33346
33347
98891
131659
98893
98895
131665
131667
33366
33368
98905
33370
98906
33371
98911
98912
115298
98914
115300
131692
131693
115310
33396
33399
33400
33401
33420
33421
33422
33424
33425
115355
115357
115366
115368
33450
82621
33474
33475
33476
33478
82632
33511
148209
148213
33532
148221
148224
99079
148232
99080
99081
99082
99087
99088
99089
99090
99091
115476
99093
115478
99094
49945
99097
115485
115486
99105
49954
99106
99107
49957
99109
115494
99110
115496
49965
115505
66355
66356
66357
66358
66359
66360
66361
66362
66363
66365
115524
33606
33607
33608
49993
115534
50009
33625
33627
50012
50027
66413
82798
66414
82799
66415
66416
66417
82801
66418
82802
50035
33651
82803
33652
66420
66421
33654
66422
66423
33655
33656
50053
33677
50062
33679
33680
50070
50073
50081
50087
33705
50090
33706
33708
33709
33710
50096
99255
50104
99260
99261
99262
50112
66498
66499
66500
66502
66503
99271
66504
99272
66505
66506
99274
66507
99275
50124
66508
99276
99277
50130
99284
50133
99286
115676
33759
33760
33762
33763
33764
115684
50149
115685
115686
115687
115688
115689
115691
115692
115698
115699
115700
50168
132091
132092
132094
132095
132098
132099
66564
66565
66566
66567
66568
66569
66570
66571
82955
66572
66573
66574
66575
132119
82968
132120
132124
33820
132126
82975
132127
132128
132129
132130
82984
82991
82993
33841
132152
83001
132153
83002
83004
132157
83006
132159
132160
132161
132162
115778
115779
132163
83012
115780
115782
115783
115785
115791
115792
115793
66648
132185
132187
132188
66653
132189
66654
66655
132191
66656
66657
132197
132212
132216
132217
132221
33918
132222
33919
99455
132223
99456
99457
132225
99458
99465
99471
99472
33937
99473
99474
33939
132243
33940
99479
99480
99481
99482
99483
132252
132253
132254
66719
66720
132256
83106
83107
83110
148647
148648
148649
148650
33963
33964
83116
148654
33966
83119
33967
148656
83120
148657
83121
132273
132277
148662
132278
148663
132279
83128
132280
148665
132281
83130
83131
50364
148670
50366
148673
50370
50371
33988
50373
33989
115909
148678
115910
148679
33991
115911
33992
115912
148681
115913
83146
115914
148686
115920
115921
115922
50388
50389
50390
50391
50393
50397
148704
148707
66800
66801
66802
66803
66804
66805
50423
66807
50425
50427
50430
50431
50447
50448
50449
50454
34071
34074
34076
116002
116003
116004
116006
116007
116009
116015
50479
34095
116016
34096
50481
34097
34099
99635
99636
99637
66870
99638
66871
50488
66872
66874
99643
66876
99644
99645
99646
99649
99652
99653
99654
50504
50506
99659
99660
99662
50512
34132
50534
50536
34153
83308
50545
50548
83319
83335
83342
83343
50576
83345
83347
50580
50581
50583
83353
132513
132515
83364
83365
50598
50599
50601
83369
50603
50607
34243
132547
34245
132549
67014
132550
67015
67016
50633
67017
67018
50637
67022
50639
67024
50642
34262
34265
132572
132574
50659
132579
50660
132580
50662
132582
50664
132584
50666
34292
34293
34295
34296
132605
83454
132606
132607
83455
83456
67072
132608
83457
67073
132609
67074
99842
132610
50691
132611
67075
67076
132612
67077
50693
99845
116230
99846
116231
83463
83464
50696
50697
67081
83466
67082
83467
83468
34316
34317
116240
34320
83474
83475
83476
99861
83478
99862
83479
50714
50715
50716
83485
83487
83489
50722
83490
132646
83496
34350
34351
83504
34354
50739
50741
83510
50749
50750
50752
132673
34374
132679
34375
34376
67145
67146
34378
67147
67148
67150
67151
67153
67154
67155
67156
50778
50780
50782
132704
50785
132707
132709
34408
34409
34411
149104
149106
50802
50803
50805
50807
149113
50809
149118
149119
34432
116352
149121
34433
34434
116355
34436
149126
149128
116360
149129
67211
67213
149134
116366
149135
116368
149137
67217
67218
50835
67219
67220
67221
50837
149142
67222
50839
149144
50841
50843
50844
149153
100007
34472
149161
100009
100010
50859
100011
149164
50860
100012
50861
100013
50862
100014
50864
50866
100019
50868
100020
100021
100022
100024
100025
100026
100028
34493
100030
100035
100036
100037
100038
50891
50895
50899
149211
83675
67291
67292
116450
50915
149220
50916
116453
50918
50920
50922
50924
116462
83700
83701
83702
83703
83705
149244
50943
50951
50952
50954
50978
149283
100131
50980
100132
100133
50982
50984
50985
50987
51002
51004
51005
51007
100162
51011
100163
100164
100165
83800
67417
83801
67418
83802
67419
67420
51037
67421
67422
67423
67426
51043
67427
67428
51044
51045
51046
83821
83822
83823
83825
83826
51061
51062
51063
83833
83834
51066
116603
51068
83837
116608
116616
116617
51093
51097
67483
51099
67484
67485
67486
67487
67489
67490
67491
67492
67493
67494
100265
100266
100267
51118
100273
51122
100274
100275
100276
100278
100279
100280
100284
100285
100286
100288
100289
100290
51145
51153
116699
116700
116701
116702
116704
116705
116707
133093
133094
116714
116715
67563
116716
51180
51186
51189
51204
51205
51206
51207
51209
67614
67615
67616
67617
67618
84002
67622
51239
133161
51241
51243
84011
100397
51246
51247
100399
100400
100401
84018
100402
100403
100404
100409
84026
100410
84027
100411
100413
84030
100414
100415
51265
100419
84036
100420
133188
84037
100421
51270
84038
100422
149575
84039
84041
133196
84047
149584
84048
84049
84050
84052
116827
149599
51297
116836
51301
116837
67686
116838
116839
67687
149608
116840
67689
116841
116842
67690
67691
116843
67692
67693
116845
67694
67695
67696
67697
116852
116853
116854
51322
149632
51328
51345
51347
51348
51356
149661
149662
51358
149667
67752
149674
67754
67755
149676
67756
67758
67759
67760
67761
67762
84147
67763
84149
84150
84151
51384
51388
51389
84157
84158
84159
51391
84161
84162
84168
84169
84170
116938
149707
84172
51406
116943
51407
116944
51408
116945
51409
51411
84179
51413
51415
84187
84193
149731
100587
100588
100589
100590
67824
51441
149746
100595
67828
100596
67829
51445
100597
67830
67831
51447
100599
67832
100600
67833
51449
100601
100603
100604
149757
100605
100611
100612
100613
100616
51465
100617
100618
51467
51468
51472
51474
35090
149782
149788
149792
35109
51499
51501
51503
67888
51504
51505
51506
67891
67892
67893
67894
149815
67896
67897
67899
149821
149823
51523
51524
51526
51528
51530
149839
149841
149845
117078
149847
117080
117081
117082
51549
51551
35167
51553
117091
84328
149865
51562
51565
67958
67959
67960
67961
84349
149889
67969
133507
133512
133513
133514
133515
133516
84365
133517
84367
133520
133521
149908
149909
84375
84377
84378
100765
100766
100767
100768
100769
100770
84388
100775
100776
100777
133546
100778
100779
149932
133548
100780
149933
133549
100781
133550
100782
133551
100783
100784
100785
100786
149940
100791
68024
100792
68025
100793
68026
100794
68027
68028
68031
68032
133568
35265
68033
68035
133571
149956
149957
133573
133577
149964
133580
133582
35284
51680
133601
51684
133606
133608
149994
133610
133611
150000
133616
150002
150004
150007
84472
84473
84474
84475
84476
150017
150018
84482
68098
84483
68099
68100
150022
84486
68102
68103
133639
150024
68104
150026
68106
133643
68108
84492
133645
84493
133647
84496
84497
84505
84509
84514
133672
133676
133678
51760
84530
117301
35382
68156
68158
117311
68159
68160
68161
117313
117314
68163
68164
68165
117317
68166
117318
150087
133703
133705
150090
133706
133708
117326
117327
150096
117328
150106
150109
35421
150115
100963
100965
150118
150124
100979
100980
100981
100982
100987
100988
100989
51838
100990
51839
100991
100992
51842
100994
68229
68231
68232
68233
68234
68235
68236
68237
68238
68239
68240
51859
51863
150177
117412
117416
117417
150186
117418
117419
150192
117426
117427
117428
51896
150205
150209
150211
150212
68295
68296
68297
68298
68299
68300
51916
68301
68302
68303
51920
68304
68305
68306
35538
35557
150277
51973
150279
150283
68371
101139
68372
101140
68373
101141
150294
68374
101142
68375
68376
150297
101145
150299
101156
101157
101158
52007
101159
101160
101161
68431
68432
68433
68435
68436
150357
68437
68439
68440
68441
150363
150364
150368
150370
150371
35693
52092
52096
150419
68502
68503
68504
150426
117658
68508
117660
117661
68509
150432
52128
52129
150434
134051
52132
150438
117670
134054
150440
117672
150441
52150
134070
134071
134073
134074
35770
134075
134095
134096
134100
134102
68567
68568
134105
52185
134106
68570
150491
68571
101339
68572
101340
101341
150498
101350
150504
101352
101353
134122
101354
101355
134124
101356
134125
101357
150510
150512
35829
101369
101370
134148
52244
117783
117792
68641
117793
117794
117795
68643
150564
68644
117796
117797
68645
68646
52262
117798
68647
68648
117800
150569
68649
52265
68651
150574
150576
117808
117810
134195
134198
35903
150600
150602
150603
150604
150605
150606
150607
35922
150616
150618
150619
68699
150620
68700
150621
68701
68702
150623
68703
68704
68705
68706
68707
68708
52324
68709
150632
150634
150635
150636
150637
150639
150648
150649
35961
150650
150651
150652
150653
150654
150655
52356
52357
117894
150664
52360
150665
150666
117899
101515
101516
150669
117901
101517
150670
101518
150671
101519
101520
101521
101522
117910
150680
150681
150682
85146
150683
85147
150684
150685
101533
150686
101534
150687
85152
101536
85153
85154
85156
68772
85157
68773
85158
68774
85159
68775
150696
85160
68776
150697
68777
150698
68778
150699
68779
150700
68780
150701
68781
150702
150703
68783
52413
150724
150725
150726
150727
150736
150737
150738
52434
52437
85208
85209
85211
85212
85213
85217
85218
85219
85220
85221
134377
150764
68844
150765
68845
150766
68846
36078
134382
150767
134383
68847
68848
134384
68849
134385
134386
134387
134390
134391
150776
150777
150778
36097
134402
134405
101638
134407
101639
101640
52489
134409
101641
52490
134410
134411
52493
118034
118036
150805
118037
150806
118038
150807
134426
134430
134431
150816
150817
150818
134435
134436
134437
134438
101670
134439
101671
134440
101672
134441
101673
68908
68909
68910
68911
150832
68912
150833
52529
68914
52530
150835
68915
150836
68916
150837
68917
52533
150838
150839
134456
134457
134458
134459
85308
134460
85309
134462
85314
85315
85317
85318
52550
85319
52551
85320
85321
85322
52554
36171
150860
150861
150862
150863
134484
134486
150872
134488
150874
150875
36190
134504
52587
134508
134512
118130
118131
150900
150901
118133
150902
150903
118135
118136
118137
118138
52607
150912
52608
150913
118145
150914
118146
150915
52611
134536
85385
85386
134538
85387
85388
85389
85390
101775
101776
85395
85396
85397
101781
85398
101782
85399
101783
85400
101784
101785
101786
150940
101788
150941
150943
101792
101793
101794
52643
101796
52646
101798
150952
150953
150954
150955
69044
69045
69046
52663
69047
52664
69048
69049
69050
69051
69053
69054
69055
85483
85484
85485
52719
85489
85492
69111
85496
85497
69113
85498
36346
69119
101905
101906
101907
101908
101909
101910
101911
101912
101918
101919
101920
101921
101922
101923
134692
134694
101929
101930
52781
85561
85562
85563
134715
85564
85565
85566
134718
69184
69185
85570
69186
85571
69187
85572
69188
85573
69189
85574
85575
85576
69192
52816
52817
52820
36440
118367
118368
118369
118372
118374
118375
36459
118382
118383
69242
69243
69244
69245
69246
69247
69248
69249
69250
69251
69252
52872
85659
85661
85669
52928
69315
52932
69319
69321
69323
36556
69326
102095
102096
102097
102098
102103
102104
102105
102106
102107
102108
102109
102110
36575
102111
102112
102114
102119
85737
102121
102123
85740
102124
102125
118509
102126
85742
118518
118519
85752
118520
118521
118522
118523
118524
52989
118526
118527
118534
118535
118536
69387
69388
69389
69390
69391
69392
53010
53011
53014
134950
134953
134956
134957
53046
53047
134977
134978
85829
85830
134982
85831
134984
134985
134986
134987
53067
53068
134988
151379
151382
151385
118617
118618
118619
118620
118622
118623
118624
118625
135010
135011
151396
151397
151398
85862
151399
118632
85864
118633
135017
118634
151402
151403
135019
135020
151405
135021
151415
151416
151417
151418
151419
151422
151423
151425
102273
102274
135043
135045
135046
53127
135047
135049
151435
151436
151437
151438
151439
135055
102287
102289
102290
69522
151442
151443
102291
69524
102292
151445
102293
151446
69526
102294
69527
69528
135074
135075
53159
135079
135080
135081
135083
85942
53179
53180
85949
135101
85950
53183
135106
85957
135110
135111
135112
135114
69587
69588
69590
69592
69593
69594
135131
69596
69598
135135
135136
135138
118755
135139
118756
135140
118758
118759
118760
118761
118762
118763
86000
86001
86002
86003
86004
118772
86005
53238
86009
86010
86011
86012
86013
69653
69654
69656
69657
69658
69659
69660
69661
69662
69663
69664
118855
102471
118856
102472
118857
102473
118858
102474
86092
118860
86093
118861
53326
86094
118862
86095
118863
102479
86096
86097
102481
86098
102482
102483
102485
102486
118870
118871
86104
118872
86105
53338
102490
86106
86107
86108
86109
86110
86111
86112
102497
86113
86114
102499
86115
69753
86180
86181
86182
86183
69799
86184
69800
69801
69802
86186
86187
69803
69804
86188
86189
86191
86196
86198
86200
86202
86203
118982
135366
135371
135372
135373
135374
135375
135376
135379
118996
135380
118997
118998
118999
119000
119007
119009
135395
135398
135399
135404
135405
135406
135407
135408
135409
135410
69883
69884
69885
69886
69887
69888
135427
135430
135431
135432
135436
135437
135438
135439
135440
135441
135442
86298
135460
135463
135464
135465
135466
135467
135468
135469
135470
69937
69938
69939
135475
119093
69942
119094
119095
119098
119099
151885
151886
135502
151888
135504
151889
151890
135506
151891
151894
151895
151896
151899
151900
151901
151902
151908
151909
151910
151913
151914
151915
135531
151916
151917
135535
151920
86384
135537
86386
151923
151924
70011
70012
70013
70014
70015
70016
135562
135564
135565
135567
151957
151959
151961
151962
151963
151965
151968
151974
151979
151980
151982
70065
151985
151986
70066
151987
151988
70068
151989
70070
151991
151993
151994
86461
86462
86463
102847
102848
86466
102855
86472
102856
86473
102857
86474
102859
86475
119244
102860
102861
86477
119245
102862
86478
119246
86479
86480
102871
102872
102873
152025
102874
152027
102875
102877
152029
102878
152031
152036
152042
152047
152048
152050
152055
152056
152057
152059
70141
70143
70144
70146
86548
53780
86549
53781
86551
86552
53784
86554
86556
152093
86557
152094
86558
86559
152097
53793
119330
119331
53795
119332
86565
53797
86566
86567
152104
86568
86569
152106
86571
53807
53809
70195
53811
70196
70198
70199
70200
53821
53822
53824
37447
37448
53832
37450
53834
53836
53847
86616
86617
86618
86619
53854
53855
53857
86632
86633
86634
86635
37485
37488
37490
103027
103029
103044
103046
86684
86691
86692
37544
37545
86699
37547
37548
53936
53937
53940
53946
119484
53948
119485
119486
53950
119490
119491
53957
53959
53961
119498
119500
53968
53969
53971
37587
37589
86743
37591
86745
37593
86747
53982
53984
53986
86755
103146
103147
103148
53996
103149
53998
54010
54011
54013
103178
103179
103180
37649
135963
135964
119582
135967
119584
135970
119587
119588
119589
119597
119598
86834
86835
86836
86837
135996
86846
135998
86847
135999
86848
136000
86849
136001
37697
86850
136002
86851
86852
86853
86854
86855
86856
86857
136024
136029
136031
136032
136033
136035
103281
103282
103284
37751
37752
103289
136057
103290
136059
103291
136060
37756
103292
103293
136061
103295
136063
103296
136064
152450
103300
136069
103302
103303
152456
103304
152458
86922
86923
86924
152461
86925
152462
86926
152463
86928
86930
152466
152467
86931
86932
136084
152469
86933
152470
152473
119709
136093
86942
136094
136095
86944
136097
54180
37797
119718
54183
119719
119720
119721
119722
119723
119725
119726
54192
152497
54194
152499
136115
152500
54196
152501
119734
152503
119735
136119
119736
136120
152508
136124
136125
54206
136126
152511
152512
54208
136128
152513
54210
152516
152517
152518
152519
152520
152521
54220
54221
136145
37845
136149
136150
54231
136151
136152
136153
136154
54235
152545
152546
54242
152547
152548
54244
152549
54246
152554
87018
152555
87019
37867
152556
87020
87022
152559
87023
152560
87024
152561
152564
103413
152566
103414
87030
87031
152568
103416
87032
103417
87033
103418
87034
103419
87035
103420
87036
87037
87038
87039
87040
87041
103427
103428
103429
103430
103431
103435
103436
152589
103437
103438
152593
119825
119827
152597
152599
54335
54336
54339
87113
54345
87114
87115
87116
87117
87122
37970
37972
87125
37973
87126
87127
37975
87128
54360
37976
87129
54367
54370
54381
38010
54395
38011
54397
38013
38014
54399
38016
119955
119956
119957
119958
119963
87203
87205
103604
38070
38073
38074
103611
38076
103612
136380
103613
38077
136385
136386
103619
136387
103620
136388
103621
136389
103622
136390
136394
103629
103634
136409
136412
70877
136413
70878
70879
70880
70881
70882
136418
136419
136420
136421
38118
136422
136424
38123
87292
136444
87293
136445
136446
87295
87297
87298
87299
87300
87301
136456
87306
87307
87308
87311
87313
136478
70943
70944
136480
70945
70946
70947
70948
38186
38188
38189
87358
87359
87360
136512
87361
136516
136518
136520
87374
87375
87376
87377
136545
103780
103784
71017
136553
71020
71021
103791
103796
103797
103798
103799
120183
103800
103801
120192
103808
136576
103809
120193
103810
87426
120194
120195
136579
87428
120196
120199
120200
87433
120201
87434
87436
87437
87438
87439
87440
120208
87441
120209
120210
38294
38296
38297
38300
71083
71085
87485
87487
87488
87489
87493
38342
87495
54727
38343
87496
54728
87497
87498
87499
38347
38349
54737
153061
54760
54762
153079
54775
153080
153081
38398
54791
38422
87576
87577
87578
153115
153116
87580
87581
153117
153118
87582
87583
87588
87589
87590
87591
87592
87593
87594
87595
87596
87597
87598
87599
153136
153137
71224
103994
71226
71228
153173
153174
153175
153176
153194
153195
153196
87664
87665
87666
87667
87669
87671
87672
87673
87674
71292
71293
120445
71294
71295
120447
120448
87680
71296
87681
71297
38529
120449
87682
87683
87684
87685
87686
87687
120461
120462
153231
120463
153232
153252
153253
38565
153254
54950
38568
38570
71338
71339
71340
54956
54958
71343
54967
54969
54971
54978
54979
54986
54988
87760
87761
54993
87762
87763
87764
54997
87766
153307
153308
55004
153309
87773
55005
87774
87775
38624
120545
87777
87778
120546
38626
87779
120547
38627
87780
87781
120549
120550
87782
38630
120551
87783
104167
38631
120552
153320
104168
104170
104171
104175
120559
153328
153329
104177
120561
153330
104178
104183
104184
104185
104186
153341
136965
136966
136969
38673
153364
38676
153365
71445
38677
153366
71447
153367
38679
71448
71449
71450
153378
153379
136995
153380
55076
136997
136998
137000
87849
87850
87851
87852
55084
87853
87854
153390
55086
87855
87856
87857
55091
55092
153399
87864
87865
87866
87868
87869
55102
87870
137023
55104
137024
137028
137030
55110
137031
55112
137032
137034
38736
55124
38740
55125
38742
71511
71512
71513
71514
71515
137056
137058
137059
137060
137062
137063
120681
120682
120683
120684
137068
120685
120686
120687
120689
38785
38787
38789
153479
38791
153480
87945
153481
87947
153492
137114
153501
137118
137119
71586
104355
137123
104356
71588
104357
71589
137125
137127
153513
104367
104369
104370
104371
104372
104373
104374
104379
104380
104382
104383
104384
137152
153537
104385
137153
153538
104386
153539
38851
38855
153550
120782
153551
153552
120784
120788
120789
120790
153562
88032
88033
88034
153571
88035
88036
88037
88038
88039
88040
55272
55273
88042
88043
55276
88048
38896
88049
38897
88050
88051
38899
38900
38901
55287
88055
38903
55289
55303
55316
55326
55328
88100
88102
88103
38952
71730
55346
153652
88116
153653
88117
88118
88119
153663
153664
38976
153673
104531
153685
104535
104536
104537
104538
104543
104544
104545
104546
104547
104548
104549
104550
104551
104552
104553
104554
88171
153709
104559
104560
104561
88177
88178
88179
88180
88181
88183
88185
153722
88186
153723
55428
55429
55432
55438
55440
55442
55460
39076
88229
55461
88230
39078
88231
55463
39079
88232
88233
39081
88234
39082
137387
137388
88238
88240
88241
88242
55474
71858
71859
55476
71860
88244
71861
71862
55478
71863
121019
121022
55488
121024
121027
137411
137413
121034
137418
121035
121036
39116
39117
137421
55502
104655
55503
39119
104656
39120
104657
55505
39122
153818
153819
153820
71902
71903
71904
71905
71906
153827
71907
137443
153828
153834
153835
153836
104686
104687
104688
153847
88321
88322
88323
88324
88325
88326
88327
88328
39176
153866
39178
39179
39180
88333
39182
88335
39183
137488
88336
88337
88338
88339
153876
88340
153877
88341
88342
88343
88344
137519
39224
39225
39227
39228
39229
39231
121158
121160
121161
121162
121163
121164
121171
88409
88410
88412
88413
88414
88416
88417
88418
88419
88420
137575
88425
88427
88428
88429
88431
88432
153971
153972
55671
39288
104826
55675
39292
39294
153986
153987
72067
55684
72069
72070
55686
72071
153998
153999
154000
55698
55702
154010
55713
55715
121256
39336
121257
121258
121259
55723
39340
121261
39341
121262
121263
55727
121264
55734
121271
121272
55736
121273
88505
88506
55738
88507
88508
88509
88510
88511
88512
55745
55746
55748
88517
88518
88519
88520
88521
88522
88523
72140
88524
88525
72141
72142
88526
72143
88527
72144
88528
154064
72145
154074
104925
104926
104927
104928
104929
104930
104931
154086
39400
39403
39404
39407
154100
154101
154102
154112
154113
154114
72209
88594
39448
39449
39452
55848
55850
55859
55860
55862
154178
154187
154188
55887
39504
55889
121428
154199
154200
72285
154214
154215
154216
121448
39528
88689
154226
88690
154227
105076
88692
154228
105077
88693
88694
88695
88696
105083
105084
105085
88701
88702
88706
88707
88708
88709
88710
88711
88712
121492
72346
72347
72348
72350
121505
121506
121507
121525
154306
137926
137927
39627
154316
154317
154318
39630
154326
137942
154327
137943
137945
137946
137947
72413
72415
72417
72418
105188
105192
105193
105194
137967
137968
39665
39666
39668
137972
39669
137974
137976
137977
137978
56064
72457
137993
72459
137996
137997
72461
88845
72462
137999
88847
88848
56092
138013
88861
121630
88862
88863
88864
138017
138018
138020
138022
121641
56107
121643
39725
39727
39728
138033
39729
39732
56117
121659
138043
138044
56126
138046
56128
56130
56137
138063
138067
88916
138068
88923
88924
39773
88926
88927
88928
39777
39778
88931
121700
121703
105320
105321
105323
72555
72556
72557
72558
105327
72559
105328
72560
121713
105329
121714
121715
121732
88974
88975
88976
88977
88979
88983
88984
88985
88986
88987
88988
39837
39839
39840
56233
72621
72622
72623
72624
72625
56251
56252
105432
105433
105434
105435
105436
105438
56293
121834
89066
89067
89069
89070
89071
89073
121845
89078
89079
121847
72695
89080
72696
72697
89081
72699
89083
89084
89085
89086
121863
39949
138254
39951
39952
138256
138257
39955
39956
138262
138274
138277
138279
138281
138282
121904
121907
72762
72763
72764
121917
72765
72766
39998
40002
89155
138309
89159
89160
89161
89162
89163
89164
121936
89170
89171
89172
89173
138325
89174
89175
89176
138328
89177
138329
138330
138332
138334
105573
40053
56437
56438
138360
56441
56447
56449
72835
72837
72839
56460
40077
56462
56469
56470
56477
56479
56487
138407
138410
56494
122037
122046
72905
105678
105679
105680
105682
105683
105684
56555
56556
40174
56559
40176
40177
40179
56563
56565
122102
56571
56573
56575
122112
122113
56580
56581
72968
72969
72970
72971
72972
72973
56591
122128
56593
40214
40215
56599
56601
40218
40220
56613
56614
73012
73016
138564
138566
40276
40278
138585
89434
89435
89437
138590
89440
89446
89448
89449
89450
89451
89452
89454
89455
89456
89457
40326
40327
40329
73110
73111
73112
73113
73114
73115
89523
89524
89525
89527
89528
89529
89530
89531
89532
89533
89538
89540
89541
89543
89544
89545
56789
73176
73177
73178
73179
73180
73181
56801
56802
40437
89590
40439
89591
89592
89593
40441
56834
56835
89606
89607
89609
73252
73253
40498
40501
40502
40505
138821
138822
138825
138828
138829
89677
89684
89685
89689
89690
56928
138849
138850
40547
40549
40550
138854
40551
138856
138857
40553
138858
138859
56939
138860
56941
56948
56949
56951
56962
138882
138883
56964
138887
138889
138890
138891
89739
138892
89740
138893
89742
89743
89744
56978
56980
89748
89751
89752
40602
56990
56993
138917
138918
138922
138927
40626
138942
138946
138947
138951
138953
138973
138977
138978
138982
138983
138984
138986
89846
89847
89848
89849
89850
89851
139003
89852
139007
89856
139008
89857
89858
139010
89859
139011
89860
139012
89861
106250
106251
106252
106253
106254
106255
106270
106274
106275
73523
73524
73525
73527
73528
106303
106304
106305
106306
106307
106308
57159
57160
89928
89929
89930
57163
89931
89932
89933
89935
89936
89937
106324
57172
106325
89941
57174
89942
106327
106328
57176
57186
57188
57190
106352
57200
57201
57203
57211
57213
57215
106372
106373
106375
106376
57224
57226
57233
57234
57236
40853
40854
106403
90038
90039
90040
90041
90042
90044
90049
90050
90051
90052
73669
90053
73670
73671
73672
40913
40915
57315
139238
139243
139244
139245
139246
57327
139247
139248
139251
139252
57336
57338
57347
139267
57348
139270
73735
139271
73736
139272
90120
90121
73738
90122
73739
90123
73740
106508
139276
106509
90125
139277
90126
139278
139279
90127
106512
90128
139280
90129
139281
57363
90133
90134
90135
57375
57379
139299
139302
139303
139304
41003
106540
139308
41005
106541
57389
139309
139310
106542
57390
106543
139311
139312
106544
139313
106545
139314
106560
106561
139332
139335
139336
139337
139338
139339
139340
139341
139342
41042
41043
139347
139370
139376
106608
139378
90230
90231
90232
90233
90234
90235
90236
90240
90241
90242
90244
90245
106634
139403
106635
106636
106637
139407
139409
139411
106654
106655
106656
106658
106659
139434
139436
41133
139439
123067
123069
90312
90313
90314
90315
90316
90317
90318
90319
57552
90320
123088
90321
123090
106708
123093
90326
90327
73958
73961
73962
106739
106740
106741
106742
106743
106744
57595
106760
106786
106787
106788
106789
106790
74023
106791
74024
74025
74026
74027
74028
90417
90418
106806
106811
90452
90453
90454
106853
106857
106858
57707
57708
57711
74096
74098
74099
74101
57719
57728
57732
106891
106892
106893
57742
106895
57755
57757
106910
74143
106911
74144
74145
106915
74147
57767
57769
57781
57782
57784
123324
123325
106942
106943
123327
123328
106944
106945
106947
123331
123332
106963
106966
106967
123352
123353
123359
123360
123361
123362
123363
106990
106991
106992
106993
106994
123385
123386
123390
123392
107009
123393
107010
123394
107011
123395
123396
107013
107014
123418
123420
123421
123422
123424
123425
123430
107056
107057
107058
107060
123445
123449
123450
139835
139836
139838
123454
139839
123455
123456
139842
123458
139843
57935
107089
57937
107091
107092
123476
107093
107094
139863
139864
123481
57946
123485
139870
57950
139871
123487
139872
41569
123489
41572
107109
57957
107110
107111
41577
123506
41589
123510
123511
139896
41592
123512
123513
41594
123514
123515
139901
139904
139905
107141
107143
107144
107145
107146
107161
107162
139931
139932
41639
90794
41643
90795
90796
90797
139956
107188
107189
41654
107191
139960
107192
139961
107193
58043
58044
139965
139966
139967
58047
58051
58053
58061
58063
58068
139991
139992
139997
139998
58079
58081
107235
107236
107237
41702
107238
58087
41704
107240
58089
58091
90862
90863
90864
90865
74483
74484
74485
58101
58102
74487
74488
74507
41741
41745
74532
74533
74537
107308
107309
107310
107312
107313
74556
107340
107341
107342
107343
107344
107345
123741
107360
107361
107362
123746
123747
107364
123748
107365
123749
123750
123751
123754
90987
123755
90988
90990
41842
41843
41845
41846
123770
123773
123774
123775
123779
74628
123780
123781
123782
123783
58248
123784
41865
123785
58249
58252
58261
58263
58265
123802
123805
123806
123807
58275
123811
41892
123812
41893
123813
123814
58279
41895
123815
41896
123816
107434
107436
91056
91057
58289
58290
91058
58292
41915
123835
58300
107454
123838
58302
107455
123839
107456
123840
123841
123842
107459
123843
123844
123845
58313
123850
58315
58322
58323
58325
74717
123873
123877
140262
123879
123881
74742
74743
74744
74746
74747
107520
123906
123910
123912
41993
123914
41996
140316
140317
140318
107553
123937
107554
107555
140323
123939
123940
58404
140325
58405
140326
123942
107560
58408
58414
58416
58418
58425
58427
58429
58436
58437
58439
58452
58454
74842
58464
58466
107618
107620
58468
107625
74862
58478
58479
58481
91250
107649
107651
140421
42117
107656
42120
42142
42171
107707
107708
74940
42172
107709
42173
74941
74942
42175
42176
74944
74945
107714
107738
107740
107745
74988
74989
91374
91375
91376
42231
75012
107796
107798
58648
107803
58662
58664
42282
42283
42285
42286
107827
91443
75060
58676
91444
107829
91445
91446
58678
107834
58688
58689
42307
58691
58701
58703
75092
75093
58710
75095
75096
58712
58714
58721
58722
58724
75115
75141
75142
75144
75145
75164
42406
91570
124338
124339
58803
75188
91572
58804
75189
124341
75190
58807
75193
124346
58813
58815
58817
58824
124367
124371
58835
124373
124374
124375
124376
124377
42460
42461
42462
58851
58853
58863
124400
58867
124404
124406
91638
124407
91639
124408
91640
91641
124410
124434
42515
124435
42516
42517
124438
124439
75292
75293
75294
140834
140837
124459
42541
124463
124464
124468
140862
140863
140871
124490
75341
75342
124494
75343
124495
75345
124499
124500
124501
124503
42596
91763
91764
91765
91766
75389
75390
75391
75393
140931
108177
108179
108191
59040
108193
59043
140965
140966
75438
59054
75441
59066
91834
59068
59070
59080
59081
59083
42702
42705
42706
141022
59102
59106
42727
59114
26347
26348
26359
75516
42756
42757
42758
42760
42761
26382
26383
75541
75542
75543
75545
26394
75546
26395
42782
75565
26415
91956
91958
42812
59196
42813
42816
59205
59207
26446
59216
124755
124760
124761
124762
26459
124763
124764
75613
124769
59241
124787
124788
124789
42870
92025
75642
124797
124798
59272
75661
124816
124820
124821
124825
124828
124830
124831
124849
124852
26549
124853
26561
124887
26585
26586
26598
141293
92149
92150
42999
92151
43000
124920
92152
43001
43003
43004
124924
124926
26649
59417
26650
59423
141345
59425
141348
141349
26661
26662
141352
141353
59434
43054
59438
43055
43056
43058
43059
59445
59446
92219
92220
92221
59453
92222
59455
59461
59463
59471
43109
43110
43111
59531
26764
59532
108690
59539
59541
108695
43165
43166
43168
26788
59556
26789
59557
108712
108717
59567
26800
26801
26821
59590
26832
26852
26864
92416
92417
108803
108804
108808
108809
108810
108811
108813
108825
108826
108827
108828
108829
108833
108834
108835
43301
43302
43305
108843
108844
108845
108846
108847
43326
26965
26966
59736
59737
43356
59740
59749
59751
59753
26989
108910
26990
108911
108912
108915
59763
108916
108917
43381
59765
108919
59767
108920
27001
27002
108923
108924
92540
108925
92541
108926
92542
108928
108929
59777
108930
108931
59780
108933
108937
108938
108940
59788
27022
59792
108946
108948
59799
27033
108953
59801
27034
108954
108955
59803
108956
59810
59811
59813
43436
27053
27065
43465
43466
43467
43470
141791
141792
141794
43491
141795
141798
59892
59893
141814
141815
59896
141817
141818
125434
141819
59902
59904
59906
109063
109065
59913
109066
59915
59917
109070
27150
141839
27151
109071
141840
109072
109073
109075
141844
59924
59925
109078
59927
141847
109079
109080
141848
141849
109082
27162
27163
59938
59940
109094
109095
109096
141866
109100
141868
109101
141869
109102
59952
59954
27186
27187
59956
141885
59966
59967
27199
141889
59969
141890
141892
141894
141905
27218
27219
141909
141910
141914
141915
141918
141935
27250
141939
27251
109172
109173
109174
109175
109178
109179
109180
109181
109182
92799
109184
92800
92801
109186
92802
109187
109193
109200
109202
109208
109210
76447
43687
43689
76457
76465
76472
43709
43711
76480
43713
76481
76482
76483
76485
76491
76494
76496
27347
76502
76503
76504
76506
76507
27359
27360
60135
60136
60139
60148
60150
43777
109315
60164
27396
109318
109322
109324
109325
60176
43797
60187
109340
60189
109341
60191
27428
60198
60200
109357
109358
76590
142129
109361
76594
142131
76595
27447
27448
76602
76604
76606
125759
125762
27459
125763
92995
76612
27460
92996
142149
76613
92997
142150
92998
142151
76615
76616
142153
76617
43852
43854
76623
76624
76626
76627
142170
76634
125786
125787
43872
76642
43874
142179
125795
142180
142181
142183
76647
142184
109424
109426
109427
109430
109431
142200
109432
142201
109433
142202
109434
142203
142204
109442
125826
109443
109444
109445
125829
109446
125830
109447
60312
125848
43929
60314
125851
109468
109469
109470
125855
125856
43951
27573
60351
60353
93122
93123
125892
93124
93125
142282
27596
125919
125927
27624
76794
109564
109567
109568
109569
109571
27652
109573
93190
93191
109576
93192
93193
76812
109581
109582
27663
109586
76827
76828
76830
76832
76838
76839
76840
76841
76843
109627
109631
109632
109634
109635
109637
109648
109650
11353
11357
142440
142442
11374
60527
60528
60540
142461
142463
142466
93316
93317
93318
76937
76939
76940
76941
76942
109713
76948
76949
109718
76952
76953
76959
76960
76962
76963
109732
60581
76970
109740
76973
76974
76981
76989
93384
109825
109826
109829
109841
109842
109843
109844
109849
109850
109858
109859
109862
60715
60716
60718
93508
93510
126297
126298
126300
126304
126305
142692
109925
142693
109926
142695
109927
109929
109930
109931
142699
109932
142700
109933
126320
126321
126324
109941
126325
109942
109943
109944
109945
109946
109949
109951
142720
142721
142725
142727
142728
142729
126345
126346
142731
109963
109964
109965
109966
126350
126352
126353
126354
126355
126356
126371
126372
126374
126375
126377
126391
126395
142780
126396
142782
126399
126401
126413
126417
126418
142804
126422
142808
126424
142809
77273
126426
77275
77276
142813
142814
77278
142815
142817
77284
60901
77285
60902
77288
77289
60905
126443
11756
60911
126447
126448
60913
126449
126450
142835
110068
110069
142840
11769
60922
77306
77307
110076
60924
77309
11773
77310
110079
77311
110080
110081
110083
60933
93701
93702
93703
110088
93704
110089
110090
110091
110092
60941
60943
77330
60947
110100
60949
60951
110105
110106
110107
11803
110108
110109
60959
11807
93771
93773
61020
110176
61027
110182
28262
110183
110184
110185
110188
61037
110189
110190
61039
110193
28274
61044
110198
110203
61055
110210
110211
28293
61077
77467
77480
77487
28336
126642
126643
77496
77504
126656
77506
28356
77508
126660
126661
126663
126664
126665
93899
77515
77517
93901
77518
28368
77520
77526
77527
77528
126680
77530
126685
126689
126690
126691
126692
110309
126693
110310
126694
110316
110317
110320
126707
143093
110326
126710
126711
126712
126713
143098
126714
143099
143100
110332
126716
143101
110333
143102
110334
143103
110337
143106
110338
143107
110339
93966
93967
93968
93969
143122
126738
143125
143126
143127
143131
143132
143133
143134
143135
28447
143136
143137
126758
61224
126762
28459
61228
126764
126766
143154
44852
143157
61237
143158
143159
61239
77623
61241
77625
143162
77626
143163
143164
44860
143165
143166
44862
143167
77635
77637
126789
126790
126792
77644
143182
110414
77646
110416
110417
61265
143187
143188
110420
77652
143189
143190
110422
110423
143191
110425
110426
143195
110427
61276
110428
61278
110430
77663
61280
77668
61291
110447
110448
143217
44916
143221
143223
44920
143225
44923
28541
44929
44934
28553
44939
94091
44940
94092
143250
143254
143256
12185
143258
12189
12202
143278
12206
143280
143281
44980
44981
110520
44984
44985
44986
110523
44989
44990
110526
44991
110528
44995
61380
44996
110532
61381
110534
61384
110541
61390
61392
61394
61401
61403
61405
126948
28644
61413
126950
61415
110573
110574
110575
110577
61426
110579
110580
61428
110581
110582
61430
28663
110585
110588
110590
126974
110592
61440
61442
61444
110597
61454
77839
61455
61457
45085
28706
77862
77863
45099
77867
110642
28726
110647
110669
45145
45146
45150
45151
45155
28811
77973
77974
77975
28823
77977
77983
77984
110754
77986
77987
110755
77988
110758
110761
110762
28842
110763
110765
110770
110771
110772
110773
78005
110774
28854
78006
61623
78008
61624
78009
78010
110787
110788
110791
28873
78029
61650
61652
45269
45270
61665
127205
127208
127209
28905
127212
127213
61688
61690
127233
61698
45316
127238
45319
127240
127241
110858
127242
110859
127243
127244
45325
94477
45326
94478
94479
94480
110864
110865
110867
110868
110870
110871
110872
110873
110875
110880
127266
110887
12584
12588
110892
127276
110893
127277
110894
143667
12601
12605
28990
127299
29002
12622
127311
61780
94550
127326
78175
12639
127331
45415
127335
61800
127336
127337
61802
78186
45418
127339
61804
143724
143725
45422
143728
78194
143730
61811
143731
45427
61812
45431
78201
45436
78209
78212
78214
78220
143757
78222
61839
78223
61841
78225
110997
110998
78231
78232
111001
111002
78235
78236
29084
111005
61854
111008
127392
111009
127393
111012
45479
45480
111017
111018
45483
111020
45484
111021
45485
45488
45489
111029
111030
111031
111034
111035
111036
111037
143806
111038
143811
143815
143816
143817
94674
94675
94676
143842
29171
111101
29183
111105
111106
111108
111109
78341
78342
111111
111112
78344
111113
78345
111114
111115
111117
111118
111119
111120
78352
111121
78353
111122
111125
94742
94743
111127
94744
94745
111132
111134
111139
111140
111142
45628
29245
45636
45638
62030
62032
29265
62044
29277
62046
62057
62059
62069
62071
45692
62080
62082
111234
111235
127622
45705
62090
127627
62092
111245
127629
111246
127630
111247
127631
111249
45715
127635
127636
111255
111266
111267
127651
127654
127655
127656
127660
127661
127662
127663
127664
127665
127666
45756
45757
45760
45762
144072
13000
127688
45771
45772
13004
144078
127694
127697
78546
78547
94936
13017
94938
78556
78557
13021
78558
78559
78561
127716
62183
127719
144104
127720
62185
127721
111338
13034
127722
111339
127723
111340
127724
127725
111342
127726
111343
62192
111344
111345
62194
111346
127731
62196
111348
111354
62203
111355
13051
144125
111357
62206
111359
144128
144129
144130
111362
144133
144134
144135
144136
144137
111369
62217
127754
111371
62219
62221
127758
111376
127760
111377
111378
127762
111379
62231
62235
144156
144157
144159
144160
144161
45857
144162
45861
62245
62246
45864
62248
127787
45870
127793
45875
45880
45881
78667
127820
127821
78669
78670
78671
127823
95061
95062
78682
111452
144221
111455
111457
144227
78692
45925
111463
45930
111470
144251
111502
111503
111504
111506
111508
111509
95127
111511
95128
111512
95129
95130
111514
111517
111519
111521
29604
111526
62390
62391
62394
62400
62402
62411
62413
62415
111571
111576
46040
29659
62432
62436
111593
111598
78845
29704
46090
78858
46092
46097
95255
46103
78881
78883
78891
62509
29741
62510
62513
62517
29750
78902
62519
78906
62525
62527
111679
29759
111680
111683
111684
111685
62535
111687
62536
111690
111691
62546
111699
62548
111702
111703
111706
62554
95323
111707
95324
111708
29788
62556
95325
95326
62558
111713
111716
29797
111717
111718
111719
62568
111720
62569
13420
29806
46191
46198
13433
13437
46212
78986
78987
78988
78989
78990
78996
29845
78997
78999
79000
13467
79006
13471
79007
79010
111783
111784
111785
79017
79018
111787
46251
46252
79020
111789
79021
111791
46255
46256
111794
79026
111795
46259
111796
111797
111799
111800
46264
111801
46265
111802
111803
111804
111807
111809
79041
111814
111816
111821
111822
111823
111824
128219
128220
128222
128223
128227
128247
128248
128252
128255
128257
144648
144653
144656
144657
144658
144659
128280
128281
128285
128289
128291
144685
144687
144688
144689
144690
111926
111927
128313
111931
128317
111934
128319
46400
128320
111938
111939
144708
128325
111941
144711
46408
46410
144714
111946
111947
111948
111949
144718
111950
111953
111954
111955
128340
111958
111959
111960
128344
128345
111963
144732
111964
111965
128349
111966
111967
128353
144741
144742
144745
128371
128375
128376
79224
144763
128380
128381
128382
144768
128384
144772
144773
144774
46471
144776
128401
128405
128406
144791
46487
128407
46488
128409
128410
144795
144797
144798
112030
144799
112031
112032
112034
112036
112037
112038
112040
112041
112042
112043
112044
112054
112056
112061
112063
46532
46537
46539
46543
46544
46545
79365
79367
79368
79369
30220
13836
30222
79375
30224
79378
79379
13849
13853
112163
30244
112164
46629
30246
79399
46633
13866
46636
13870
112174
112176
112178
46642
112183
46647
112184
112186
13883
112187
46652
46653
112195
112203
30283
30285
30303
30305
30307
30309
46698
46699
95854
46703
46704
95856
95857
95858
95859
95860
46708
46709
46710
95864
95865
95866
95867
95868
95870
128646
145031
145034
145035
112269
112271
112272
63121
112273
63122
112274
112275
112279
145050
145054
30366
145055
30368
145059
63139
112291
145060
30372
63140
128676
145061
145062
145063
145064
145065
79545
145082
128700
145085
128701
145086
128702
145087
63168
63169
145090
63170
128706
145091
63171
128707
145092
63172
79556
63173
128709
145094
128710
145095
128711
79564
46798
30415
79571
63190
145110
63191
63192
145113
63193
145114
63194
128730
145115
79579
145116
145117
128733
128734
79582
145119
79584
128737
128738
30435
145123
128740
79591
30439
79592
79593
95977
95978
95979
79595
95983
79601
95985
95986
79602
95987
79603
95988
79605
95989
63222
79606
63223
145145
95993
63226
95994
63227
95995
95996
145149
112381
145151
112384
145153
112385
112386
112388
112392
46858
63244
63246
46863
63247
112399
46864
63248
46867
46868
145178
46874
46875
145182
145186
128807
63276
63277
112431
112432
112433
112435
145206
145208
145209
112443
112446
30528
63298
30530
30534
79705
79711
79716
79722
30571
79723
79725
30573
79726
79727
30575
46963
112500
79733
112505
46970
79741
79746
30595
112519
46984
112527
63382
96155
96156
96157
96158
96159
96161
96163
96164
63400
63401
96169
63402
96170
96171
30636
96172
96173
96174
96175
47023
47024
47027
47028
47031
47032
47033
47036
47037
63424
30656
63425
63426
63427
63428
63429
63446
63447
63448
63449
63450
63451
112608
112609
112613
112614
112616
30701
112623
112628
112629
112630
112631
112632
112635
30721
30723
30725
112645
112646
63495
112647
112648
79881
112649
63512
63513
63514
63515
79900
63516
63517
63535
63536
63537
63538
63539
96309
96310
96311
79928
47163
96315
96316
96317
96318
96319
96320
96321
47171
96323
96324
47173
96325
112712
63561
112713
112714
96331
112716
96332
112717
96333
112718
96334
112719
112720
112724
112725
112726
112729
112730
112731
63580
112732
112733
112736
112738
30819
30821
112743
112745
112750
112751
63603
63604
63605
63606
63607
63608
47227
47234
145540
145541
145543
145544
63625
63626
30858
63627
145547
30860
145548
63628
47245
30862
63630
47250
47251
80026
145563
80027
80028
145564
80029
80030
63647
145568
63648
63649
63650
63651
80036
30884
63652
80041
80050
145588
145589
63669
63670
63671
63672
63673
145594
145595
80059
47291
145596
47292
145597
80062
47295
47296
47297
47300
80069
47301
129221
129222
47302
47306
63691
47307
47308
80077
112855
112856
145627
112859
30941
112861
112863
145632
63713
145634
112866
63714
63715
112867
145636
112868
63717
112870
129255
112882
145651
112883
145652
112884
96501
96502
112887
112888
112889
63741
63743
63744
129284
129286
129287
129289
145679
63760
63761
31008
47392
31012
47396
129316
31014
63783
47399
63784
63785
63787
63788
129324
47405
47410
47415
47416
63805
63806
63807
63808
63810
129349
129350
112969
112970
112971
112972
112973
63827
63830
63831
63832
129370
129374
129375
112992
47456
47457
129379
129380
80228
129381
47461
129383
31080
63849
31082
63850
47466
63851
47467
63852
31084
63853
63854
47471
47472
80244
31100
129405
80253
31102
129406
63871
31104
31106
96649
96650
80272
63893
63894
63895
63896
96664
63897
63898
96672
96674
31145
31147
63920
63921
63923
63924
31163
31165
63939
145860
63940
113092
63941
113093
63942
113096
145865
113097
47561
145866
113098
145867
145868
47564
113100
145869
145870
145873
145874
47575
113112
113113
113115
145885
63965
47581
63966
63967
145888
63968
145889
145890
145892
80356
145893
80357
145894
80358
80359
31208
80360
113129
113130
80366
63985
80369
63986
80370
63987
63988
63989
63990
145912
80377
145914
31226
80379
80380
145917
80381
145918
145919
145920
145921
145922
80388
80390
64007
64008
64009
64010
47627
80396
145934
145937
145939
145940
80406
145942
80411
31273
145963
145965
31277
64051
64053
64054
64055
64056
113212
113213
113214
113215
113216
113217
145987
96836
96837
96838
145991
96839
96841
96842
113234
113235
96852
96855
96856
96857
96858
146011
146012
64101
47726
47729
47733
64120
64121
47738
129664
129668
31365
31367
31369
129673
129675
129677
129678
64143
64144
64145
64146
64147
64148
31385
31387
113307
113308
31389
31391
113313
113314
113315
64165
113317
64166
113319
64167
64168
113321
64169
64170
129707
113324
113325
129709
47790
47791
113328
47799
47800
80579
31428
129733
129734
31430
129735
129737
129739
80594
113364
113366
113367
113368
113369
113370
80602
80603
113372
80604
31452
80605
113375
80607
113377
113379
80613
80614
96998
64231
113384
80616
97000
64233
64234
80618
64235
64236
129773
80624
80625
80626
80628
80629
97016
64253
64254
64255
64256
64257
64258
113432
64282
113437
31517
129833
64299
64300
64301
64302
113459
47926
47934
47936
31560
80713
64330
80714
64331
80715
64332
80716
64333
80717
64334
64335
80723
80724
80726
80727
80728
97112
97113
97114
97115
31580
80734
31582
80735
64352
31584
64353
80737
64354
80738
80739
64356
64357
80745
80746
80748
80749
80750
80756
47990
97144
97145
47994
97146
80764
64384
80769
64386
64387
48003
64389
113541
48008
113545
113546
113547
64406
64408
113561
64409
113562
64410
113563
64411
113564
113565
113569
31650
113570
31654
113578
113579
113580
113581
113582
64438
48054
64439
48055
31672
64440
64441
31674
64442
48058
64443
48059
48060
31676
48063
48064
48065
48070
48071
64460
64462
64463
64465
97249
97250
31715
97251
97252
97259
97260
113645
97261
113646
97262
113647
97263
97264
113649
113651
113652
97268
113653
31733
97270
113655
97271
113656
113657
31737
97273
113658
97274
113659
113661
113662
113663
113664
113665
113666
113669
113671
113683
80915
113684
113685
48155
80926
48159
31778
31780
80934
48168
80941
80950
31798
80951
31800
31802
80954
80960
80961
80962
80963
80965
80971
80972
80973
80975
80976
31843
48229
31845
97381
48230
97382
97383
97384
97385
97386
97387
97388
97393
97394
97395
97396
97397
97398
31863
31865
31867
97403
97404
97405
113790
97406
130175
130176
130178
130179
130182
130183
113801
113802
113803
113805
113810
113812
113813
113814
130198
130199
130201
130202
130203
113822
113823
113824
113827
81060
81061
81062
81063
81064
81070
81071
81073
81074
81075
130230
130231
130232
130233
81081
130234
81082
81086
48320
130249
130252
130253
130255
81103
81111
48344
81116
130269
130273
130274
130276
113894
130278
113895
113896
113904
113905
130289
113906
113907
113908
113910
130294
113911
113912
113913
113915
130302
113925
146697
146701
113933
146702
113934
113935
48400
146705
48401
146706
130323
146709
130325
146710
130326
97571
97572
97574
97579
97580
97581
97583
97584
97585
97586
97587
97588
97589
97590
97595
97596
97597
97598
97599
97600
97601
97602
81251
48489
48492
48496
114034
114035
81270
114038
114041
114042
114043
81277
114045
114050
114051
114052
146821
114053
146822
114054
146823
146824
146825
114057
146826
114058
114059
146829
114062
114063
114064
81296
81298
81299
114067
114068
114069
81301
114070
146839
114071
146840
146843
146844
146845
146846
81312
146855
146856
48554
146859
146860
48557
146861
48558
48559
48562
48563
130505
130510
130511
130512
130513
130514
130515
97748
97750
130518
130519
114138
114139
114142
114144
114145
114146
130530
114147
97763
114148
97764
130533
114150
130534
130535
114151
97767
114152
97768
97769
130537
114154
97770
130538
114155
130539
114158
114160
81396
114165
81398
114167
81400
130554
114173
130557
81406
114174
130558
130559
114175
81411
130564
130565
130566
130567
130568
81417
146965
130581
146966
146968
130584
130585
130586
130587
130588
130590
146975
146976
146978
146979
146980
146987
146988
146989
146990
146992
48689
130612
146997
130616
48697
48699
130632
130638
130640
114261
114262
114267
114268
114269
114271
114280
130664
130666
114282
114283
48750
114290
48756
48761
32382
32384
48770
32402
32403
32405
32406
114327
114328
114330
114332
114333
114334
114335
114336
114343
48809
48810
114347
97963
97964
114349
97965
48814
97966
48815
114351
32433
48818
48819
32435
97971
114356
97972
48822
97974
48823
97975
97976
97977
81598
81605
32454
32455
32457
32458
81621
81622
81623
81625
32483
32486
32487
81642
81644
32506
32507
147197
32509
32510
114431
130820
130822
147208
48904
114442
147213
32535
147224
48920
147229
130846
147240
147245
81727
48960
81728
147265
48963
147269
48968
81736
147273
98123
81740
48973
98127
32592
147285
147289
98139
147293
81757
81758
98143
81760
147297
81761
32612
147329
147333
147353
49050
147357
49054
49056
147361
49061
49066
32686
49070
32704
32705
147393
32707
147397
49110
147417
49113
49114
32731
49115
32732
49118
32734
49119
32735
32736
49122
49123
32755
32756
32757
32759
32760
147455
)


// ************************************************************************* //
