/*--------------------------------*- C++ -*----------------------------------*\
| =========                 |                                                 |
| \\      /  F ield         | OpenFOAM: The Open Source CFD Toolbox           |
|  \\    /   O peration     | Version:  2412                                  |
|   \\  /    A nd           | Website:  www.openfoam.com                      |
|    \\/     M anipulation  |                                                 |
\*---------------------------------------------------------------------------*/
FoamFile
{
    version     2.0;
    format      binary;
    arch        "LSB;label=32;scalar=64";
    class       faceSet;
    location    "constant/fluid/polyMesh/sets";
    object      skewFaces;
}
// * * * * * * * * * * * * * * * * * * * * * * * * * * * * * * * * * * * * * //


415
(
508757
509178
509182
509184
509220
509223
509224
509226
509242
509259
509261
509275
509276
509279
509281
509299
509312
509315
509320
509340
509352
509359
509372
509373
509376
509378
509392
509393
509396
509398
509418
509432
509437
509440
509454
509458
509460
509469
509476
509489
509490
509510
509515
509531
509534
509540
509543
509568
509583
509600
509634
509638
509646
509657
509668
509670
509687
509697
509699
509715
509716
509726
509728
476975
509764
477000
477005
477006
477008
477009
477025
477026
509795
477032
509803
477035
509808
477049
509819
477052
509821
477057
477058
477061
509842
477074
477077
509846
509878
509879
509883
509884
509896
509898
509909
509911
509917
509920
509933
509935
509952
509957
509958
509982
509988
510000
510002
510015
510021
510024
510039
510061
510062
510082
510093
510102
510118
510164
510175
510177
510197
510199
510203
510223
510229
510242
510244
510273
510274
510278
510279
510304
510305
510317
510319
510330
510332
510348
510349
510353
510381
510402
510423
510425
510501
510521
510609
510679
510681
510687
510690
486125
486126
510703
486130
486131
486133
486134
486144
486149
486150
486152
486153
510752
510753
486185
486193
486196
486197
486199
486200
510792
486216
510793
486217
486230
486231
510808
486235
486236
486238
486244
486247
486249
486252
486253
486256
510852
486279
486285
486291
486294
510871
486299
486301
486302
486317
486319
486320
486327
486328
486330
486347
486349
486352
486353
486356
510936
486368
486372
510952
486379
486392
486394
486395
486398
510976
486401
486402
510991
486416
486417
486419
486420
486431
486435
486440
486441
486446
486462
511049
486473
486479
511058
486485
486486
511071
511073
486507
511135
511136
511163
511180
511218
511235
511246
486715
486722
511311
511312
511317
511324
486771
511362
511363
486800
486806
511389
486836
511416
486853
486856
486858
486866
486868
511452
511453
486881
486883
486886
486888
511467
486916
486933
486936
486939
486941
511523
486952
511536
486966
511549
486973
511551
486977
486997
511587
511588
487017
511602
487030
487032
487047
487050
487052
511632
511633
487072
487074
487080
511658
511659
487083
511671
511673
511684
511686
487141
511737
487161
487164
487166
487184
487186
487189
487191
511772
487196
511784
487215
511792
487230
487232
511811
487260
487264
487271
511864
511877
511879
487311
487313
487320
481452
481460
481676
481677
481681
481685
481689
481690
481694
481697
481698
481709
481710
481712
481713
481716
481717
481721
481722
481725
481729
481738
481739
481742
481746
481747
481753
481757
481758
481761
481762
481766
481775
481776
481780
481782
481783
481786
481787
481789
481797
481798
481801
481802
481810
481811
481814
481815
481818
481819
481822
481823
481826
481833
481834
481837
481838
481847
481848
481851
481858
481859
481861
481862
481869
481873
481874
481882
481883
481887
481891
481892
481894
481895
481898
481913
481914
481924
481925
481929
481933
490646
)


// ************************************************************************* //
